day_acc:
  _has_active: true
  active_seconds: 10200.0
  burn_kgph_max_5m: 4.802696719919915
  burn_kgph_min_active_5m: 0.800238254360156
  coal_kg_max_5m: 0.4002247266599929
  coal_kg_sum: 10.91616958982008
  energy_kwh_sum: 87.93581058466177
  power_kw_max_5m: 38.68839024379929
  power_kw_min_active_5m: 6.446363715679035
  seconds_sum: 10200.0
day_key: '2025-12-23'
