boiler_temp: 40.92800775070694
integral: -1127.1093887317913
integral_window_s: 600.0
kd: 0.0
ki: 0.045
kp: 10.0
last_error: 15.07199224929306
power: 100.0
saved_wall_ts: 1766489495.4635324
